1 0  
2 0  
3 0  
4 0  
5 0  
6 0  
7 2  
8 2  
9 2  
10 2 
11 2 
12 2 
13 2 
14 2 
15 2 
16 2 
17 2 
18 2
19 2
20 2
21 2
22 2
23 2
24 2
25 2
26 2
27 2
28 2
29 2
30 2
31 2
32 2
33 2
34 2
35 2
36 2
37 2
38 2
39 2
40 2
41 2
42 2
43 2
44 2
45 2
46 2
47 2
48 2
49 2
50 2
51 2
52 2
53 2
54 2
55 2 
56 2
57 2
58 2
59 2
60 2
61 2
62 2
63 2
64 2
65 2
66 2
67 2
68 2
69 2
70 2
71 2
72 2
73 2
74 2
75 2 
76 2
77 2
78 2
79 2
80 2
81 2
82 2
83 2
84 2
85 2
86 2
87 2
88 2
89 2 
90 2
91 14
92 23
93 42
94 47
95 47
96 47
97 50
98 50
99 55 
100 71
101 102
102 102
103 137
104 137
105 137
106 150 
107 150
108 150
109 153
110 153
111 186
112 186
113 186
114 251
115 251
116 251
117 251
118 251
119 251
120 251
121 329 
122 348
123 372
124 416 
125 434
126 472
127 596 
128 600
129 621
130 699
131 769 
132 777
133 812 
134 814
135 876
136 914
137 948 
138 952
139 952
140 994
141 994
142 994
143 994
144 994
145 1087 
146 1087
147 1101
148 1132
149 1132
150 1154 
151 1154
152 1154
153 1185
154 1185
155 1212 
156 1212
157 1212
158 1212
159 1212
160 1212 
161 1212 
162 1212
163 1212
164 1212 
165 1212
166 1212
167 1212
168 1212
169 1212
170 1247 
171 1247
172 1441 
173 1559 
174 1614 
175 1614
176 1614 
177 1647 
178 1647
179 1647
180 1647
181 1647 
182 1773 
183 1773
184 1938
185 2079 
186 2114
187 2181 
188 2245
189 2284
190 2306 
191 2306
192 2518
193 2710 
194 2778 
195 2778
196 2787
197 2894
198 2972 
199 2982
200 2982
201 2982
202 3005 
203 3005
204 3005
205 3119
206 3150 
207 3150
208 3150
209 3150
210 3165
211 3383 
212 3425
213 3425
214 3481 
215 3481
216 3719 
217 3719
218 3900
219 3946 
220 3950
221 3950
222 4461 
223 4943 
224 4943
225 5028 
226 5325 
227 5442 
228 5446
229 5478
230 5481
231 5594 
232 5914 
233 5931 
234 5933
235 6069 
236 6114
237 6389 
238 6452
239 6456
240 6470 
241 6930 
242 7651 
243 7693 
244 7871 
245 7871
246 8432 
247 8732 
248 8742 
249 8742
250 9001 