1 1 
2 2
3 3
4 4
5 5
6 6
7 7
8 8
9 9
10 10
11 11
12 12
13 13
14 14
15 15
16 16
17 17
18 18
19 19
20 20
21 21
22 22
23 23
24 24
25 25
26 26
27 27
28 28
29 29
30 30
31 31
32 32
33 33
34 34
35 35
36 36
37 37
38 38
39 39
40 40
41 41
42 42
43 43
44 44
45 45
46 46
47 47
48 48
49 49
50 50
51 51
52 52
53 53
54 54
55 55
56 56
57 57
58 58
59 59
60 60
61 61
62 62
63 63
64 64
65 65 
66 66
67 67
68 68
69 69
70 70
71 71
72 72
73 73
74 74
75 75
76 76
77 77
78 78
79 79
80 80
81 81
82 82
83 83
84 84
85 85
86 86
87 87
88 88
89 89
90 90
91 91 
92 93
93 94
94 95
95 96
96 97
97 99
98 101
99 103
100 104
101 105
102 106
103 107
104 109
105 111
106 112
107 115 
108 116
109 117
110 119
111 120
112 122
113 123
114 125
115 126 
116 127
117 128
118 130
119 132
120 133
121 135
122 137 
123 138
124 139
125 140
126 144
127 145
128 147
129 148
130 152 
131 153
132 154
133 156
134 159
135 160
136 163
137 164
138 165 
139 166
140 167
141 168
142 169
143 170
144 171
145 172
146 173 
147 174
148 175
149 176
150 177
151 178
152 180 
153 181
154 184
155 187
156 189
157 191 
158 196
159 197
160 198
161 206 
162 209
163 212 
164 218
165 222 
166 224
167 225
168 230
169 232
170 235
171 236
172 237
173 238 
174 244
175 246
176 248
177 256 
178 263 
179 264
180 265
181 266
182 267
183 268
184 269
185 270
186 271 
187 272
188 276 
189 283 
190 290
191 293
192 299 
193 300
194 314 
195 321 
196 322
197 323
198 325
199 329 
200 331
201 333
202 343 
203 344
204 345
205 359 
206 360 
207 361
208 374 
209 375
210 379 
211 391 
212 392
213 398
214 400 
215 408
216 409
217 410
218 424 
219 437 
220 441 
221 446
222 450 
223 451
224 458 
225 460
226 461
227 462
228 464
229 465
230 476 
231 479 
232 483
233 484
234 487 
235 496 
236 497
237 502
238 504 
239 507
240 509
241 523 
242 525 
243 549 
244 550 
245 551
246 553
247 559
248 561
249 570 
250 581 