1 0 
2 0
3 0
4 0
5 0
6 0
7 0
8 0
9 0
10 0
11 0
12 0
13 0
14 0
15 0
16 0
17 0
18 0
19 0
20 0
21 0
22 0
23 0
24 0
25 0
26 0
27 0
28 0
29 0
30 0
31 0
32 0
33 0
34 0
35 0
36 0
37 0
38 0
39 0
40 0
41 0
42 0
43 0
44 0
45 0
46 0
47 0
48 0
49 0
50 0
51 0
52 0
53 0
54 0
55 0
56 0
57 0
58 0
59 0
60 0
61 0
62 0
63 0
64 0
65 0
66 0
67 0
68 0
69 0
70 0
71 0
72 0
73 0
74 0
75 0
76 0
77 0
78 0
79 0
80 0
81 0 
82 0
83 0
84 0
85 0
86 0
87 0
88 0
89 0
90 0
91 0
92 0
93 0
94 0
95 1
96 1
97 1
98 1
99 1 
100 1
101 2
102 2
103 2
104 3
105 3
106 3
107 4
108 5
109 7 
110 7
111 7
112 7
113 7
114 7
115 8
116 8
117 8
118 8
119 8
120 8
121 8 
122 8
123 8
124 8
125 8
126 8
127 8 
128 8
129 8
130 8
131 11
132 11
133 11
134 11
135 11
136 11 
137 14
138 17
139 18
140 18
141 18
142 18
143 19 
144 19
145 21
146 21
147 22
148 25 
149 25
150 28
151 29
152 29
153 29
154 30
155 31 
156 32
157 32
158 33
159 36 
160 39
161 39
162 39
163 39 
164 39
165 39 
166 39
167 40
168 42 
169 42
170 42
171 42
172 46
173 46
174 50 
175 51
176 51
177 51
178 51
179 51
180 51 
181 51
182 51
183 51 
184 51
185 51
186 52
187 54 
188 60 
189 60
190 66
191 66
192 67 
193 67
194 69
195 69
196 76 
197 77
198 77
199 78
200 78
201 80
202 93 
203 106 
204 109
205 115 
206 128 
207 130 
208 133
209 134 
210 132
211 135
212 138 
213 137
214 139 
215 140
216 142
217 143 
218 144
219 150
220 151
221 151
222 155 
223 155
224 156
225 157
226 162 
227 166 
228 165
229 172
230 175 
231 184 
232 188 
233 186
234 190 
235 192 
236 195
237 200 
238 204
239 206
240 211 
241 216 
242 222 
243 232
244 235 
245 241
246 241
247 242
248 244 
249 246 
250 250